              precision    recall  f1-score   support

           A      1.000     1.000     1.000      1269
           B      0.999     1.000     1.000      1247
           C      1.000     1.000     1.000      1222
           D      1.000     1.000     1.000      1145
           E      0.997     1.000     0.998      1162
           F      1.000     0.999     1.000      1205
           G      1.000     1.000     1.000      1177
           H      1.000     1.000     1.000      1186
           I      1.000     1.000     1.000      1193
           J      0.999     1.000     1.000      1126
           K      1.000     1.000     1.000      1182
           L      1.000     1.000     1.000      1191
           M      0.999     0.999     0.999      1185
           N      1.000     0.999     1.000      1190
           O      1.000     1.000     1.000      1221
           P      1.000     1.000     1.000      1141
           Q      1.000     1.000     1.000      1194
           R      1.000     0.999     1.000      1204
           S      1.000     0.997     0.998      1217
           T      0.999     0.999     0.999      1209
           U      0.999     0.999     0.999      1204
           V      1.000     1.000     1.000      1140
           W      0.999     0.999     0.999      1169
           X      0.998     1.000     0.999      1214
           Y      1.000     1.000     1.000      1227
           Z      1.000     0.999     1.000      1112
         del      1.000     1.000     1.000      1026
     nothing      1.000     1.000     1.000       455
       space      1.000     1.000     1.000      1061

    accuracy                          1.000     33474
   macro avg      1.000     1.000     1.000     33474
weighted avg      1.000     1.000     1.000     33474
